-1.7323880000990073     5.157706396920332       5.440873409639297
1.755955525806968       8.857127929220383       9.029512443271107 
1.4936062096028913      -0.6848340326425841     1.643124207608731 
-11.558151663566136     12.731480812539871      17.19539105568895 
13.637789113181014      3.464465588939447       14.07095638940524 
6.508818655597935       5.664064952305381       8.628229950308109 
8.87912598434761        -0.413803470378042      8.888763218694367 
8.090536761116617       -2.4041840884150645     8.440194678676999 
10.258445554850056      3.0833737606904776      10.711811189053764
20.907622609819697      14.588624623357077      25.4942474216413  
-14.208210721307893     -0.10280383363061674    14.208582636184993
-0.31449209913914444    5.245790948673175       5.255209601681208 
19.489934685088848      -2.31487796257953       19.626925740183196
20.50942877360751       4.35451581526776        20.96660384051496 
22.439381093394957      2.5333980248899053      22.581938123357062
4.430263957198775       8.386957117489406       9.485161486293249
-7.011826661168314      11.743048905109873      13.677167496015867
-2.62141428076263       -1.843220325300888      3.2045707979366864
-2.1168782467744904     -5.391595917544803      5.79227762195087
9.215168077118562       11.318730577066235      14.59564950818425
-30.22191657825394      7.678126957951761       31.182012046135924
-29.983055893255738     -8.001725226032505      31.032422517280576
-15.850671451006619     19.47679579014681       25.111538377782367
-10.403462721376997     1.4995075537234044      10.510973289793595
19.02414290759026       11.47907922705825       22.219074536746508
-33.85023084951908      6.558945714210978       34.47981869801087
-37.94822170783063      -7.432108655267825      38.66915786321672
-16.246697900246602     13.818698999833117      21.328657592775645
-30.800722745000087     -6.340780102476771      31.44662166151288
1.6913881301879599      14.455026062167406      14.553644638539161
-32.53539739336287      -5.105060402227878      32.93347423601765
-38.17209135269633      -7.603896977950114      38.9220735250561
-27.12413471602664      3.6955688826892015      27.374731294751776
-68.86694401137683      5.178310413749784       69.06135588161632
-22.87413793680622      28.26349091043278       36.360020693010526
1.5081891818922202      5.535168842393489       5.736961628090291
7.44709849357605        -1.809264630687494      7.663727192226992
-1.4717469402417844     0.8518775433909695      1.7005100426180635
-4.979072658383103      6.122575137079991       7.891583544932427
13.60014862916907       4.372702948901065       14.285817226004866
-4.790693750186847      4.406536150951723       6.509094211771999
7.356994263979843       2.7023671403223375      7.837611419388323
14.764269404873556      3.765504116914684       15.236885256317539
13.224806673672731      14.715975848995924      19.785233300222924
3.964165181529779       12.251624856676415      12.87699177662176
-17.04851068769179      -4.157939959545544      17.548224450796347
9.765979382456578       4.976202127884875       10.960699836969031
14.080095919571361      8.875478121699132       16.644014329274356
18.312253300024537      14.006553353095526      23.054764317974954
20.243423481376794      2.7965409074510745      20.43567555265557
3.270689244172985       0.725167343583034       3.350115790259812
-12.958850091817425     -4.055495898030242      13.57861711225177
1.5297387257522468      7.024740815623569       7.189372997400663
0.18286701124540627     12.467079589029357      12.468420662738092
0.8830719967277787      7.516930606852913       7.568623514196415
-33.463172280058586     11.864892112965478      35.50435978717532
-27.716085774557925     -1.0947197943317661     27.73769676975278
-11.554342924484185     7.315680119456076       13.675599293149189
2.736334012479219       4.194971765790683       5.0085239286272385
17.338949378655883      12.589990372560464      21.42771623707847
-28.791576122751053     24.71243910886804       37.942845206200325
-25.511851485894667     -11.404675328001673     27.944967088466502
-19.406151038879642     2.020177218378791       19.51101776272745
-27.338578915109423     -2.0765914819678244     27.417332643432818
1.7271210222828302      12.958292124222737      13.072883454016727
-18.405781249610726     -8.1890014531661        20.145285508239347
-29.513009684426464     -9.417268480573398      30.979068518408546
-29.86513469476082      0.14517770494740034     29.865487555073
-43.53838334764754      11.02868126849728       44.91350170103435
-20.325801382259442     9.338895680953101       22.368575599952365
11.243163069900191      11.279650026438162      15.926054769945189
-2.264880034388355      6.055268715838963       6.464979566184957
1.37699796388648        4.740568725430194       4.936508405044436
3.861766532975807       7.910298581026041       8.802616906136185
7.027691588109832       0.7645215015022018      7.069154276421535
1.7795843786122703      6.975072588239414       7.198510830151587
9.407533567778927       2.768744274061561       9.806509709577409
21.960893854650916      -1.707209840112796      22.02715197962329
10.134420657644455      3.3299914379509516      10.667489163009133
11.462298276473064      19.670752350164918      22.76670331427798
-14.651879875027419     -2.8702350100692513     14.930366133663995
-4.50695247066264       2.2954327232983758      5.057828779229391
13.259912304276106      -3.6319595161749447     13.748323688516598
25.074196328922184      0.49039411544799805     25.07899136587835
22.20809543376066       11.42409061412421       24.974173643080608
0.884653986716728       -0.16892445026611802    0.900637633075318
-29.244314806801924     -9.808438682586564      30.84534677888052
-5.554555090638448      -0.9834694646450934     5.640948009229194
4.525501134444269       3.015708195463734       5.43825858506595
6.484568926752814       14.433010135834316      15.822813142640099
-22.821270913493862     10.339866599258102      25.05440574824185
-29.392087089772133     -11.917163445025068     31.716140497673916
-7.341220417173997      6.535642555781777       9.828944034354764
-3.0426905106525055     -0.7589241533863174     3.135909981840669
16.994233053557707      11.522677518883512      20.532317314000796
-24.295215509375765     25.659542492457774      35.33651960181221
-37.28913549987638      -5.841303942154866      37.74387974324811
-17.77387349125074      3.591610908508301       18.13312570411129
-29.211744006799165     -2.5717265946524037     29.324729591189914
-3.1171580139471757     16.70737202313481       16.99567456746989
-28.958517804437776     7.016222253137698       29.79636098813686
-33.32483187986881      -11.4727620689236       35.24441359012308
-21.587454965832283     0.7842756193510922      21.6016966960687
-49.72394030434745      14.710832401197763      51.854400288947886
-20.857910039473552     7.144660677228671       22.047643579473732
-8.244149032904204      1.8668984199056808      8.452887257439416
-4.405295362277926      -2.152892210045593      4.903220584165309
-7.001769420519775      9.263452101726898       11.6119042305349
-59.93109379982462      7.977669560179436       60.45973218312161
-12.91477008741731      8.347208976745662       15.377489525677209
-14.274099466752062     0.0912128759890436      14.274390893326332
6.617246326135117       12.42008374661819       14.072896973038565
11.250818289360218      1.213491186803708       11.316071449078635
2.12270415559108        -2.448304526659882      3.2403808398746756
11.756999969482422      9.334351247670668       15.011900662384514
-6.77145523927652       -10.013772093519862     12.088351318458717
1.8313803478163067      8.54042699872231        8.73457768291477
16.616320343802176      8.687722950565572       18.75043017729561
3.9890691796127555      5.0747926186542 6.454935556772316
14.732114694556401      0.5306180934516505      14.741667440783722
-9.879294259207597      -1.5249816332848705     9.996300517784986
12.198469716675419      6.526198071788768       13.834519315858673
-7.265179587414071      -3.7253877486349376     8.164640121588787
-7.0279324395315825     -4.525781661728207      8.359098876329654
-7.617401239823323      -4.613036758285396      8.905330413957369
-24.01243093062422      -10.406276916971024     26.1703541907763
-26.755582313148352     -11.55955487854628      29.145917276795046
-13.782479567339227     5.62456687615844        14.88598319119372
-13.479976868142927     -0.40467091969080116    13.48604964097759
-5.002308962296496      25.020004515745185      25.51516648823169
-24.843191146850558     -3.542289840931801      25.09446081660498
-24.972058967668218     -17.88613883816467      30.716733088380366
-24.302242896386552     -8.562751234794149      25.76663964322743
-32.43798408702928      8.177735484376257       33.45292467457504
-15.595246606943505     8.5750967239847 17.79730318214184
-29.22399425506589      -11.68943085962411      31.47514311392494
-28.405147250817762     -4.122317703402757      28.70271578768162
-42.98551639625613      7.412740882562048       43.6199879326532
-42.25341118598473      6.6883186418182845      42.77948530670272
-19.188936038893075     15.168434785336899      24.4601038456861
-22.886715538647707     -7.059264260895418      23.95067765329686
-11.140049632714735     1.3254394920505206      11.218622717002068
0.5019999556243437      11.637835677789155      11.648657571525957
10.16165894878155       3.8619692082307324      10.870792002272625
-10.781015298804448     9.218780381338945       14.185069706998812
-19.284277049862624     4.168882233755909       19.72974709454695
5.027074784648647       11.475792991871714      12.528579555669596
2.9398468957111543      -4.998052908449779      5.7985543582763635
0.06660641456136318     -13.83362010060523      13.833780448681763
19.968434723056106      8.344704627990694       21.641914901814076
-29.402727399553584     -15.120958639650922     33.06302721643154
8.042665676194758       6.5561081244021295      10.37627220719912
3.967436819356312       12.276014702660689      12.901205055944407
1.5080438146785866      3.790923498114779       4.079864840353064
10.462183816092363      0.06511189013112073     10.462386427576712
-18.550380804100854     -3.8401021087656217     18.94368000634775
-7.859104166225535      -9.770671422992432      12.53920006825254
-21.56217957090358      -12.357308211223206     24.852176043056193
-12.675282809199132     -7.342612258785842      14.64843845179585
-4.891048966621867      -6.659797952871541      8.262885014749074
-31.291180591194006     -4.774835868757606      31.653389081807507
-42.01291729479421      -12.056060503940216     43.70850963478262
-22.857359152059168     -5.498817706594664      23.50948454510609
-16.325738955517224     -3.3089965508908676     16.65770724372056
0.5006538021320921      15.781546884653523      15.789486258333632
-30.082786180535123     0.45784979450462515     30.086270138023472
-29.229808101848676     -13.751365856248526     32.30296804603714
-45.16171636143509      -6.975716376791212      45.69727829619776
-23.913215899954025     10.080211892419953      25.950964654014285
-21.91044622538047      20.150096173189127      29.767331583198054
-15.74794929854724      5.386043587509448       16.64353846500696
-29.400038047712698     -1.8633619035993547     29.459028408804315
-23.371214283896347     0.7451538553042951      23.383090287040236
-75.20173565708859      16.901857084157484      77.07771285353448
-31.40242722569684      0.5752277763522216      31.407695277747987
0.08446617515721755     1.5347383460220385      1.5370609374699988
-2.5710409125503446     10.595570058238764      10.903043439015251
-1.8010634193006805     11.599855598138276      11.738844889426003
-0.8188825626762366     8.816319952205788       8.854268244813744
-28.670785650915036     6.104652599412532       29.313490634863495
-14.346101284027128     6.803598287154244       15.877643770551504
0.7396731084706829      12.475603697251273      12.49751190910672
-9.173479726424024      5.912650643562756       10.913852112060876
1.7670084311037613      17.293016453178552      17.383058903584715
20.50897917455555       10.325647996396413      22.961647008170786
-14.047638348170693     -17.526134889952985     22.461111890149677
7.511941359967565       8.334655586554078       11.220327390146352
19.468385704526938      7.860733674497027       20.995456076056087
10.660751644445924      -2.730008728650162      11.004752304484755
7.90651739860067        13.274454184940865      15.45070067286494
8.007764894135164       -17.625559182609525     19.359355234599487
-15.140281171214852     4.5766284210341315      15.816878378733913
-11.839293837699355     16.3104550713027        20.15439959930263
-3.619186858741614      4.360081658223454       5.666464998997574
0.5099771947276963      6.329714270574706       6.350225152406756
-39.58508739666067      -3.414387693210543      39.73206749617758
-28.753104569960627     -2.9780963586301397     28.906920976340192
-24.223977557630565     8.149121664008291       25.557959085329927
-4.922497627686482      13.570347240992945      14.435557042792075
1.0569015619706477      1.9790708678109326      2.243604780596153
-19.891206634287897     2.758889665409015       20.08162278188293
-28.77958080719928      -13.122317703402729     31.63004099502797
-48.192473417186015     -4.605071749005987      48.411994173754856
-39.58776099341256      -4.800234249659951      39.8777264813726
-13.773835688221197     20.566853698419067      24.753060833325037
-44.449278695242725     -13.299281704182533     46.39622043199815
-23.909399742982828     -6.711042345786666      24.833394561289627
-79.28801421288932      36.57264166462181       87.31636339284962
-60.0539118173171       4.51824349773176        60.22364028242475
-21.541624925574524     12.186791166967282      24.74993905813518
7.185293071124022       0.0010702269418061405   7.1852931508275
23.530599949311238      7.190801250691322       24.604811655476453
13.739402040594486      2.976127780213602       14.058040581718744
14.776216526420754      3.1428305372899956      15.106752087122908
24.813601960941213      7.622172209681281       25.957895744263695
11.437515151743924      -3.6617253118631794     12.009370720646078
13.696925907718892      7.127757734181927       15.440554058670669
15.831212207370877      -2.0419365581201134     15.962355241699017
22.159093613527247      -3.2320811505220206     22.393565556575037
20.457360228713696      1.4503931901892742      20.50871102564723
-19.607243245961683     -8.71605917416057       21.457252275950403
-6.7300592150006935     15.06412040267368       16.499133933139195
16.50183870050372       0.47695102105487364     16.50872989584382
6.582192177675225       7.015432687286212       9.619851851961794
7.3838982679405945      9.251869390547578       11.837188891415366
-15.084013831858726     -7.342108853009279      16.77599581810697
-11.369062618333473     -2.363570057615945      11.612150887619666
-11.347226532138123     1.0633506191020103      11.396941015500783
19.628093826527504      23.622477147043966      30.71292063327064
12.905815727856691      14.040211332087623      19.070595529533808
-21.13525743873751      -0.6232506596312533     21.144444858790692
-26.85125130050038      -13.020856691866499     29.841789580934112
-24.89783462547526      -3.117038765732133      25.092192006769586
-22.58353726231323      9.056369625792229       24.33174852075498
-1.8100986480712606     15.630922697028325      15.73538056343807
13.203129564012784      4.552000279329263       13.965791664890398
17.5554962109546        12.047976824702062      21.291998327573655
15.810375601661448      0.6924879404963349      15.825533678626591
24.512802844144886      3.5516035605450043      24.768758368702976
-2.136112942987552      -9.463246754237574      9.701341022600273
24.567657183627674      10.93488906354321       26.891291867893766
19.509416286738553      5.440723448383579       20.253858780268278
19.351946889137736      -1.184178089608963      19.388143958303942
21.12691534781942       -2.187394370838078      21.239850429028493
13.304955317049632      -3.6466897753428444     13.795658096164798
16.8399589694276        12.080822456380998      20.725117353457964
-6.212932603243662      2.1548735034100863      6.576017894451544
10.555512204462161      5.778995933733425       12.033936675114138
3.991362162998769       -0.6440142675169876     4.04298482472834
-19.95226116569674      -16.619461974319137     25.967272516381268
-13.533237389155786     -9.713907606747682      16.658586831531498
-13.330257103911471     0.7551648227535992      13.351630176345761
-5.5355823964488735     2.0684992099294988      5.909429875153238
12.17606503622872       -1.2448856635969605     12.239538393334152
-12.336428311406365     -1.6285382874158074     12.443456129068311
-24.4540225535023       -15.411391014955456     28.905193167717265
-32.372518382510364     -10.081882934181067     33.9061102151884
-34.77221359525407      -6.569857305409954      35.38742521472028
-7.175384988590139      8.632220414220058       11.225033586326688