21.397858142308444      -7.729632632373132      24.456149002818623      74.99086757990868
13.59408133650478       -4.594680470963047      20.692036493880273      70.66666666666666
3.3242956405361648      2.07406389985455        5.540977371937148       70.59360730593608
27.836937778072244      -24.110513879828257     37.33182918340001       72.23287671232876
-26.22342013877285      8.314977412898799       27.82967166088613       69.80136986301369
-16.636485480826742     -49.66646108670865      52.38194750508433       60.59132420091324
10.121810965342135      39.947178964745504      41.54900179497622       39.45205479452055
2.321755252472335       -30.287175701089097     30.796225225151872      58.21689497716895
13.8427307268255        3.101243768108475       14.186110353922569      56.16666666666667
3.477509799613257       -11.194298099709377     12.316978381398066      61.89954337899543
20.982896804809634      0.4884763308311779      21.083489592926156      58.62328767123287
-2.635195751168415      -14.380043465252879     14.62052286873449       48.25342465753425
9.702536800680658       -3.3059756744941993     14.227694888020924      63.45662100456621
-18.64918212368062      -19.004679327141538     27.403035681798922      60.60730593607306
-40.817616092560044     -16.838396847520265     44.58551721534933       44.64840182648402
-13.242430630339843     -11.215533922796528     28.77256273457385       72.09360730593608