18.34313962811567       0.36551945503444266     19.00623741745829       77.31050228310501
9.725331078562766       -3.4105580480857216     10.335415107149062      51.38812785388128
18.3337496462841        -9.369690654847536      20.772447472997623      56.99695585996957
32.13228953229423       -10.363487197565341     34.408563978315854      58.480974124809734
-3.9555636715126035     -30.334260089212354     30.60612053554948       66.09893455098934
-19.8861738760903       -30.86537062849629      39.88336178426169       76.88127853881277
-3.308788189241969      1.0143891309857267      14.365751165973231      61.96042617960426
-17.144401319132182     -18.01614705322357      24.926077095285407      76.14916286149163
3.3687267506684164      0.4507599080171805      7.838504799378661       78.71385083713851
-8.075993148522109      -7.851295659894131      16.98873635903067       92.01065449010655
8.187518847043075       0.404349572400875       9.107976039951831       78.90715372907154
-3.6849422919332935     -15.045372171851964     16.24920913053363       49.42770167427702
-20.92702046340639      -12.095863661628314     24.675906997773836      87.91476407914764
-29.05402500843527      -10.410904813212044     30.95599807058598       43.02891933028919
-40.68618747124763      -15.745444757934735     44.1270608031166        45.990867579908674
-19.930717712123755     -28.523104942008178     35.296410952262384      90.70167427701675