5.349224830160352       -34.33945291869492      34.7535930953746
11.58092919661074       -44.06110991263881      45.55764840057648
-0.33616736177735185    -2.3049981448115204     2.329382953210763
12.736259178239465      -0.26936669252359025    12.739107357673461
21.49848042702186       -6.862081858576573      22.567073981906642
13.00474518172598       -18.071861695270172     22.26467117149046
10.846057609635949      -20.295970877822555     23.012244556865006
16.42335913680038       -3.4843725866200828     16.788912342933774
-21.57572761847051      16.621925626482295      27.23601354454686
-5.696308505778461      23.796069583114303      24.46836443650089
7.708945196502043       -16.363023305425855     18.088017241715068
-6.680574261412332      -15.644148291373753     17.01086265374973
8.758461213081468       -1.0241475640511055     8.818135917188185
-13.753602621506673     13.322160321838993      19.147886063769455
-3.3760048224001764     13.584672178540913      13.997882938476545
-23.149804465624754     10.137281500259224      25.27207793221914
-22.216126237596782     6.090353149844676       23.035812694468998
-7.723581605115715      13.819410187249282      15.831292137230337
-1.9433361656811883     -3.280302035261174      3.8127335201116614
8.112176389110346       13.329967362996268      15.604340282965667
-41.68006702345244      -6.693593375536878      42.21412298457139
-29.92583565809288      -16.63380432615476      34.23797725035736
-11.518259179550318     -5.3609082747479135     12.704709050488162
2.036869973552456       -16.443176600397848     16.56885318907229
-4.117057975457641      20.63253609501585       21.03928972388116
-26.46697554296378      6.689826751241895       27.29935120755573
-34.0898442852254       7.203664137392622       34.84265001969958
-11.827432650882674     14.23977194027023       18.511057993050343
-2.99235171687846       -13.753174158991584     14.07494114534975
-3.2884500659241667     9.831927941769976       10.367290431363147
-2.287325051366082      -3.828297965380557      4.459565136013125
-27.984615106971887     6.372452327183282       28.700990076085926
-5.064820407072501      17.05836815736734       17.79439040675971
-11.581959442216487     4.061174003445387       12.273341794613572
-11.76891400862715      5.299881545864764       12.90721044000826
10.662312517360732      -37.56740867848299      39.0511856802585
-16.192053619696154     -4.744027643787717      16.872711658418673
-4.392610223089553      -6.104168385875482      7.520365433615081
-3.959636016767874      7.321608426619548       8.323741186391594
-15.9632373342709       8.279381245982904       17.982577679704146
5.813788997883705       -18.840521364795933     19.71713437113126
14.163682558098586      -16.14252987686467      21.475362032619024
12.026806123402654      -3.7650560748820396     12.602369331872547
-5.446561531144752      13.785276510277583      14.822242778249073
-12.12969133805251      14.775626571810989      19.116708726818878
-15.016617551141849     -3.091743041057967      15.331590840783345
13.045115130288252      -20.30925733215956      24.137956875973416
11.358022358952738      -10.013438511867903     15.141784001148267
23.74304108717004       0.958730979841576       23.762389719023478
-3.7008558000837297     -3.001945427485879      4.765292226361019
-25.610726268923997     8.054998004238826       26.847575176727695
-12.439262818317047     9.365438820452106       15.570700169317893
-8.749061255126584      11.363816273303664      14.34163146714342
-5.00867733663442       18.40858367374357       19.077809138780417
5.344032813091701       4.85891028219948        7.22272080575351
-16.953005810173238     9.384524248084233       19.37714378753093
-6.872812524133792      -5.432242923853352      8.760411815413994
-5.100108208552914      5.373406415082982       7.4084141515309305
8.60203794557222        -6.749384383766028      10.933857799372053
-4.43926056063907       14.588634656400089      15.249108021886501
-13.171847888401572     6.906537094894702       14.872721050243143
-16.502122309743143     -0.3333545412335752     16.505488965065027
-17.20220812638195      12.605997786229977      21.326676829965713
-18.345331824555686     -15.400230203356045     23.952417207234333
-11.903669551927237     19.793104054976453      23.096846471598777
1.4062708251329923      1.0753818628739396      1.7703230735146767
-16.63782110019605      5.179723642310307       17.425459189726887
-5.3235142854142135     12.653968655333188      13.728172750849401
-11.323915744314391     11.166658343101005      15.903626200834784
-18.34758865590001      1.745939293686206       18.430472416716515
9.08334786551336        -24.606107731254724     26.22913925633168
7.868510732845408       -40.74241856166299      41.495278423052476
-3.9854836729141336     3.6040918778400055      5.373412172072549
-1.2266809697053986     7.035411737403081       7.14155196832078
-35.60955639274752      22.290551360772554      42.010822253980045
7.988867477494836       -21.861627014315843     23.275582469318334
10.977319386540628      -16.352817438086703     19.695587807362166
7.2501326331830755      7.96510506649409        10.770669520463246
-15.972640796583534     18.248205905057944      24.251232396933485
-13.6173484957948       25.598092195939017      28.994732351372363
-7.657467559892325      -8.522198200225844      11.457079540386195
0.4003093339959065      -15.562215707739995     15.567363466467715
9.451079608758494       0.732436223905907       9.47941815689023
13.886702780820883      -1.3465913461179184     13.951839390427992
-8.84729994559774       12.49118731946362       15.307007446829786
-19.08768007706624      10.714318446358858      21.8891788446807
-7.6760472618803846     9.900561197071658       12.52768189185782
-9.384014332933086      16.961099915206432      19.383978831352177
0.45690979276385235     -5.347181700626198      5.366667373541534
8.152851046348133       13.892179733028218      16.107812946477242
-28.370943118114894     -6.349645312951523      29.072812196476594
-5.514325881490905      1.6488789052379502      5.7555704818392375
-6.628006135892808      2.2944983268270676      7.013928136874866
28.488579010476883      -27.507222204792242     39.60109098825434
-6.135552231146335      10.64975183837268       12.29073697546437
-13.495983104316565     17.018368915635733      21.720185093609924
-9.180669750486118      -5.536890146683646      10.72109367387177
-18.82008774608982      3.539400811098062       19.150014644175126
-23.25618874296849      -0.8946428688204264     23.273390400010598
3.8721697087190705      -13.488774513711746     14.033557501035904
7.690788852925209       0.7567812082718888      7.727933163367299
-19.743662075120568     4.650264233958978       20.283913566720607
-23.949938779354706     16.08200754438127       28.848406094485956
7.232194657228433       -4.299872125898105      8.413889698535332
-21.935362893707918     5.354590649507543       22.57945496026093
18.684610133268365      -39.28930510306844      43.50590938383239
30.20116169598633       1.481432603330063       30.237473610494
14.879451033944385      -4.8915251712409145     15.662856750045059
29.47691382194052       -5.8534834141634065     30.052482701866648
22.808222556600782      0.6614171436854122      22.817810780821933
5.797722368824253       -19.20622207680529      20.062217004347453
10.911521463978048      -13.219095706939697     17.140764042716565
27.4472022080908        -4.236598618176515      27.772246522443222
37.67765850923499       6.647864186033928       38.25963994831212
36.16622963730171       10.861331024948441      37.761947484359816
-22.23626143591747      -10.524684648124534     24.60122577411416
9.657074183833814       -7.664652532460735      12.329070534124877
18.60563470461235       -7.8066469990477145     20.17705082833505
18.136584379235103      -0.7225514042134193     18.15097169511444
4.081050561398854       -4.873358794621055      6.356461250240127
-12.737901094008464     12.5660571541105        17.893013068824203
1.5942088487196742      22.11800205950834       22.175380875145102
-3.844077649773384      10.690534700088355      11.360654257184331
15.663617280064784      15.927326561845081      22.33894889434147
7.742876753515105       22.803163313287868      24.08186864661051
-19.369823485004645     11.605644873210352      22.58054593590047
-7.371505980588978      5.053577160348695       8.93743489696328
-20.515230811372092     -2.475832379594152      20.664085782238654
-3.175865728027958      7.901926313127802       8.51625284855752
10.24347254694726       22.80752112914105       25.002234897630203
-4.960821531256869      -5.729878756464757      7.579001308138682
-34.044129410568544     -11.506439607970577     35.93606683786377
-26.095808158115467     -20.034707672741973     32.89955493555181
-43.760483367102495     0.8993522488341341      43.76972399947179
-0.607978791606655      -4.492670020278609      4.533621303346111
4.269460269383046       -7.077764705735774      8.265775476118339
-27.66553512884647      6.511311063961045       28.42145326574804
-17.764897895406705     22.382696385286295      28.575806107792197
-15.449789991184176     10.409101972774579      18.62915496342532
-52.74134390694755      -2.471553627325534      52.79922285833059
10.75597736786824       -30.035477599319165     31.90330647060422
26.128917840062357      2.2946092060633987      26.22947919615027
14.044989827031994      -4.062777480300554      14.620803674759795
27.690689914080565      -9.236686083735265      29.19059228119964
18.43841088548001       -0.13104135162978992    18.438876533499126
3.184786543554196       -14.140140572372758     14.494358928026656
11.412262512713028      -11.920969340265998     16.503007170532197
35.311471433312235      16.350489830484207      38.913217966166634
10.943691117422915      37.449804189253825      39.016050659786345
34.65699649343685       -13.88459228982731      37.33482702518958
2.1168383870806338      -8.890408287242963      9.138947656644964
15.26822092095199       -19.987035673491803     25.151543990467662
22.02786131051122       -26.622940233775566     34.55441535616401
22.8692250543711        -25.516287550634274     34.26488559668817
9.879409692725318       -11.845485551016665     15.424599308120115
-2.9465988898764124     14.538287766581895      14.833888775427894
-19.87683873273889      3.6155020246396266      20.202984257220077
6.149500019848347       13.079975538563973      14.453446322021149
-1.211249886726847      -12.244975492966416     12.304736937921263
9.543711195186688       -2.674036822300784      9.911250995921362
-17.467785699026905     8.006090864843259       19.215124984325644
-15.54093901965085      -10.754351674294        18.899123406838118
-11.86967559219623      -9.460009944682213      15.178306454195253
1.3713126279869954      8.816219709357426       8.92223224800492
6.6384605874820295      3.4396569193625908      7.476656919671465
0.883843120263549       -8.356096384476643      8.402709411130486
-11.947436138075233     -9.347292890354083      15.169479709319303
-19.446864561158783     -10.389739318769728     22.048293003587446
0.5488613381677823      6.777518768699821       6.7997065693023595
-5.6825355704949345     -9.52751113930529       11.09345207856989
2.8008274156219954      -9.47210895771883       9.877524098629024
-20.385784733052134     1.0565954519777279      20.413148045597513
-18.331010353808495     2.9411943007488617      18.56546698863758
-31.703024776614456     7.508661815098321       32.580082600265854
-38.84466309450113      -5.345442830299817      39.21073335168958
8.226414446928032       -34.002455652976494     34.98343729660165
-13.096253579976604     1.5984292516903338      13.193439047636872
1.9291163616794713      -6.813754860235747      7.081577877301477
-22.33578644480025      12.92843287331715       25.80759060175107
-34.15763070632002      23.357008466915147      41.379869260219785
4.873296854447318       -10.731716058692172     11.786379927524717
8.73099147543617        -7.744418514018179      11.670742489850703
-11.209342861415019     7.693109045223281       13.595340899236477
-0.7823357971347207     11.776231551656878      11.802189578960228
-22.030943685648424     4.087665518935836       22.406951802396264
7.630263776195278       -22.54397627772117      23.80024772360096
8.696494102478013       -0.11958848213664908    8.697316314788983
12.72732857295445       6.089313039974314       14.109026398116349
-5.812826784289626      6.9850923917731365      9.087379762382655
-7.716362310915542      -3.6604246217377465     8.540547741494205
-2.8064396916603584     -7.83514891443204       8.322599488996948
-12.378802426007326     10.488016308190264      16.224464107729098
5.946544883278559       13.667379601744518      14.904987796943296
-4.043051427724436      6.434781643086854       7.599518382202398
2.463087899344316       12.670567324575114      12.907752644302064
-8.739038516064085      2.2199034690857076      9.016582811537324
-17.51311065712754      -0.2621413931554599     17.51507245199973
-17.362875525516515     -4.214075891339036      17.866949435551255
-2.5064702909819943     24.333540249843992      24.462288821987876
-4.697244449537635      15.428910148387061      16.128092689022882
-7.904200203564727      7.685560294560048       11.024709424712771
-13.039529240861228     23.418659755161855      26.8041591465077
-0.5330184395520057     7.889093749377196       7.907079665930071
-23.115544971154662     4.291569086970156       23.510550494229424
-0.3026396498387953     7.021724136508254       7.028243066860816
-9.020432880946572      2.3023741001985627      9.309625978358486
-6.768111248405603      4.551628618824225       8.156264644706802
-13.58037344183849      11.444970442324234      17.75989558655871
1.776651324058065       15.532953924062326      15.634229994928452
-0.23092201777865284    21.500628023731508      21.50186806752296
14.010040448636431      -34.720049799705066     37.44012675548026
-12.030449210381008     -0.17167208146082658    12.031674011005705
1.6219552816176903      -3.4617424400485106     3.822878451742945
-14.086059764939904     4.745445193076591       14.86392713188384
-32.56495757005652      8.998533054273935       33.78535272375356
2.7123671356512205      -18.022966345962175     18.225922511254293
14.52740872636133       -2.186991691589327      14.691104007590447
18.11120606943661       4.6385424672340605      18.695771219982642
-8.910225897419195      17.675451570627615      19.794284876414252
-13.640202989383624     3.573615930518315       14.100562698362227
6.451377362621088       -30.10268913969702      30.786233340832275
9.19812348424172        -1.065680601158931      9.259651763162882
15.281865279741433      -2.153742838879012      15.43288743703489
-38.922259885437626     8.703205118373944       39.88343132081338
-10.909006838895863     0.007013933999218125    10.909009093696222
-7.458452526403903      5.309689859802626       9.155398434580091
-15.649377803413245     -2.694169380531018      15.879596162527372
-8.455638812512769      30.18597559691692       31.347901851086238
-10.476758908252322     16.484089793580377      19.53170994932254
1.2123659484240363      9.650099989026787       9.725958101447533
-2.902755211810671      1.0456146123458012      3.0853359196763446
-20.144042900630396     -4.965856381825034      20.74710085740536
-15.054338758469239     -5.067950063822238      15.88449663364077
6.438437023941361       14.040490855976032      15.44632172356919
-0.049577576773515375   12.375462960223757      12.375562266660408
-4.719642210979856      -1.6814439831947539     5.010217207695158
-16.366432112090436     25.253198623657255      30.092925095536156
-12.08809182564823      6.384805698784049       13.670687905022513
-25.937668284591368     2.618221652751089       26.06947871869385
-13.092191793480708     -23.944168178402634     27.289717398919926
-9.448581208988116      2.9555732765975904      9.900055568338047
-21.042535947293658     13.568497424222983      25.03782022150274
-24.58897139451334      23.80538403258032       34.22446235047127
-2.539579362285423      15.697296259354516      15.901401610904975
-5.672358220937269      15.092851930735037      16.12357985032254
-0.6540124659635183     -36.54611601148338      36.55196749602458
0.8353172808277236      -28.1570008920163       28.169388601683497
-3.4844570245061597     -5.46425850537355       6.480706888077681
-10.557670675978386     9.657595868013289       14.308513831012684
-64.89634876835106      24.54679761614119       69.3835813191511
11.854778027047871      -11.962611334664473     16.841610137241034
13.011518381079853      -10.69523982612455      16.843033144879207
6.555055073025275       0.52663926688993        6.576176391173275
-6.351875986371724      12.533725757988094      14.051356159556272
-18.137271365340894     12.874881121577033      22.242373445177908
9.999827540650642       -18.969222214757167     21.443599097996398
17.35331036120043       -5.878196599532146      18.321860597518402
14.505089956278704      -1.6287105229436207     14.596243784182443
2.215129886354717       9.712417266806781       9.9618195917206
-3.2420640672956154     -5.115245040582153      6.0561300548823835
-3.1214153912602853     -1.3284162552076948     3.392333089762359
-14.675585610525943     7.6453795487783385      16.547647610967374
-10.82173464857802      31.256140824635423      33.076521583347834
0.5872265465405491      3.143740739901455       3.1981152037845804
1.4221186735192362      9.629965342201139       9.734405683634066
-37.50372328077046      -14.45765167353106      40.19394173048669
-7.868401293851889      7.252572142348001       10.701006569526642
-10.354279590656562     4.9506573141837436      11.476938341037126
-2.8310739750764924     20.630611069348376      20.82395478642506
-3.8500357063448973     19.871014969689497      20.240553620535056
-6.326746162103149      13.58701206713306       14.987815515014399
-10.648781873741925     10.504660684235233      14.958089834114917
-12.9983693741414       2.2995097880460946      13.20020271253199
-22.553344541666462     0.2919743985546006      22.55523440500071
-13.369957884963668     -8.111545981193046      15.638188899316672
-19.184852892038776     9.838104364823323       21.56030792874546
-7.612668124996887      7.89366480768939        10.966433334384412
-22.876814248306413     5.450617206339928       23.517182188382268
1.1784791751783672      10.554236217420964      10.619826519272783
-29.596890332747478     1.6903120546924697      29.645118859787353