13.450513446825733      1.5956679070331008      14.185766924168044      75.96921017402946
3.3479608589387078      -3.6111632060493988     5.609254376448526       59.19009370816599 
16.320683074603874      -7.60607015591868       23.657229032841816      53.795180722891565
20.98414217579955       48.9062045769519        55.452747902215215      71.75635876840697 
-13.311090385099943     -12.744259287235408     27.427962027332992      72.53547523427041 
-17.451420768357337     -10.028737523948328     20.248186064830765      67.60642570281125 
5.9947503280128815      -12.668524567222347     14.865583071071327      70.4471218206158  
-7.562441612662403      -20.637333779290312     22.12835729140254       53.121820615796516
3.3207316570971432      9.105615700105071       16.470372889164906      45.159303882195445
-9.506592339141617      -5.204423763984985      12.605287841135883      64.76171352074967 
3.5226035877723896      -6.6230126474117705     14.677095478375046      68.65863453815261 
-3.5130464047632413     -1.5043616492745215     9.14965598761968        41.532797858099066
-5.875787085159069      -3.8067613369328512     18.033518424921002      74.23293172690762 
-25.841253865355572     -30.544530355308023     40.260489140611405      59.531459170013385
-24.47385090390038      -19.238412609381268     31.18440694579813       41.832663989290495
-16.248719717125322     -25.589510589558802     30.8972945235227        90.17536813922356